VentaID,Fecha,TiendaID,ProductoID,ProveedorID,Cantidad,Precio_Venta,Importe
1001,2023-01-25,1,22,3,14,2.79,39.06
1002,2023-01-24,1,31,5,53,5.66,299.98
1003,2023-01-28,1,38,3,59,7.55,445.45
1004,2023-01-07,1,12,5,13,7.91,102.83
1005,2023-01-28,1,23,5,115,7.6,874
1006,2023-01-26,1,14,2,131,6.63,868.53
1007,2023-01-28,1,15,3,89,2.15,191.35
1008,2023-01-20,1,2,1,96,2.1,201.6
1009,2023-01-16,1,31,5,81,7.03,569.43
1010,2023-01-17,1,21,5,139,5.45,757.55
1011,2023-01-10,1,7,5,74,3.23,239.02
1012,2023-01-04,2,32,2,110,2.63,289.3
1013,2023-01-07,2,36,5,32,1.58,50.56
1014,2023-01-23,2,22,3,68,7.66,520.88
1015,2023-01-11,2,32,2,107,2.78,297.46
1016,2023-01-09,2,20,4,34,5.22,177.48
1017,2023-01-16,2,35,3,49,3.97,194.53
1018,2023-01-24,2,11,5,49,6.76,331.24
1019,2023-01-13,2,24,1,20,4.16,83.2
1020,2023-01-16,2,9,4,126,2.93,369.18
1021,2023-01-19,2,23,5,131,5.07,664.17
1022,2023-01-11,3,6,2,130,4.91,638.3
1023,2023-01-22,3,25,3,100,8.26,826
1024,2023-01-08,3,24,1,105,9.07,952.35
1025,2023-01-04,3,21,5,99,2.93,290.07
1026,2023-01-01,3,29,5,16,8.19,131.04
1027,2023-01-14,3,17,4,94,2.7,253.8
1028,2023-01-12,3,21,5,58,1.14,66.12
1029,2023-01-27,3,23,5,54,2.26,122.04
1030,2023-01-06,4,24,1,123,9.09,1118.07
1031,2023-01-25,4,5,2,35,5.45,190.75
1032,2023-01-11,4,38,3,82,9.41,771.62
1033,2023-01-23,4,2,1,65,3.25,211.25
1034,2023-01-17,4,8,5,14,1.01,14.14
1035,2023-01-24,4,5,2,21,9.21,193.41
1036,2023-01-28,4,40,4,68,8.25,561
1037,2023-01-04,4,19,5,137,4.35,595.95
1038,2023-01-19,4,9,4,122,7.74,944.28
1039,2023-01-04,4,6,2,134,8.36,1120.24
1040,2023-01-18,5,33,2,108,5.46,589.68
1041,2023-01-19,5,22,3,108,4.14,447.12
1042,2023-01-18,5,17,4,109,9.48,1033.32
1043,2023-01-25,5,27,5,39,1.17,45.63
1044,2023-01-26,5,18,5,89,7.22,642.58
1045,2023-01-03,5,24,1,131,8.29,1085.99
1046,2023-01-17,5,25,3,77,1.87,143.99
1047,2023-01-02,5,10,4,55,5.11,281.05
1048,2023-01-01,5,10,4,132,2.78,366.96
1049,2023-01-21,5,14,2,99,5.44,538.56
1050,2023-01-17,6,13,2,129,5.11,659.19
1051,2023-01-28,6,21,5,30,3.26,97.8
1052,2023-01-25,6,1,1,100,8.01,801
1053,2023-01-25,6,15,3,134,2.74,367.16
1054,2023-01-03,6,5,2,126,3.42,430.92
1055,2023-01-25,6,18,5,36,4.86,174.96
1056,2023-01-06,6,18,5,51,0.94,47.94
1057,2023-01-26,6,28,1,72,7.82,563.04
1058,2023-01-10,6,30,2,10,8.88,88.8
1059,2023-01-24,6,12,5,112,2.02,226.24
1060,2023-02-07,1,6,2,70,4.69,328.3
1061,2023-02-15,1,35,3,136,1.41,191.76
1062,2023-02-23,1,1,1,123,2.71,333.33
1063,2023-02-06,1,8,5,129,5.67,731.43
1064,2023-02-15,1,2,1,125,5.58,697.5
1065,2023-02-10,1,27,5,89,6.32,562.48
1066,2023-02-24,1,27,5,75,7.03,527.25
1067,2023-02-18,1,19,5,91,4.57,415.87
1068,2023-02-09,1,27,5,49,5.93,290.57
1069,2023-02-11,2,25,3,70,7.29,510.3
1070,2023-02-02,2,1,1,40,2.95,118
1071,2023-02-23,2,30,2,34,6.8,231.2
1072,2023-02-14,2,10,4,81,1.93,156.33
1073,2023-02-18,2,1,1,21,6.34,133.14
1074,2023-02-27,2,14,2,84,5.22,438.48
1075,2023-02-24,2,7,5,106,3.62,383.72
1076,2023-02-16,2,1,1,114,9.26,1055.64
1077,2023-02-27,2,8,5,95,8.79,835.05
1078,2023-02-24,2,7,5,141,3.15,444.15
1079,2023-02-12,2,10,4,56,2.17,121.52
1080,2023-02-01,3,3,3,76,1.43,108.68
1081,2023-02-12,3,10,4,91,3.36,305.76
1082,2023-02-01,3,2,1,134,2.75,368.5
1083,2023-02-12,3,33,2,97,8.7,843.9
1084,2023-02-22,3,35,3,122,8.52,1039.44
1085,2023-02-18,3,31,5,57,4.62,263.34
1086,2023-02-17,3,27,5,138,3.65,503.7
1087,2023-02-08,3,9,4,145,3.63,526.35
1088,2023-02-23,3,22,3,115,9.31,1070.65
1089,2023-02-04,4,7,5,74,2.02,149.48
1090,2023-02-19,4,4,3,106,5.98,633.88
1091,2023-02-01,4,24,1,79,6.18,488.22
1092,2023-02-21,4,33,2,51,3.14,160.14
1093,2023-02-05,4,7,5,109,4.78,521.02
1094,2023-02-15,4,1,1,42,0.85,35.7
1095,2023-02-12,4,22,3,88,8.26,726.88
1096,2023-02-08,4,14,2,18,5.92,106.56
1097,2023-02-18,5,31,5,62,2.23,138.26
1098,2023-02-15,5,26,1,26,7.77,202.02
1099,2023-02-22,5,10,4,145,7.99,1158.55
1100,2023-02-02,5,36,5,93,1.77,164.61
1101,2023-02-17,5,40,4,47,7.93,372.71
1102,2023-02-25,5,30,2,136,8.18,1112.48
1103,2023-02-14,5,5,2,12,4.76,57.12
1104,2023-02-05,5,13,2,35,6,210
1105,2023-02-11,5,24,1,111,1.9,210.9
1106,2023-02-08,5,25,3,106,3.4,360.4
1107,2023-02-15,6,28,1,51,1.97,100.47
1108,2023-02-18,6,38,3,113,6.56,741.28
1109,2023-02-01,6,38,3,81,6.94,562.14
1110,2023-02-07,6,3,3,117,8.94,1045.98
1111,2023-02-24,6,6,2,19,4.64,88.16
1112,2023-02-13,6,34,1,93,6.89,640.77
1113,2023-02-17,6,8,5,90,5.63,506.7
1114,2023-02-07,6,3,3,42,2.16,90.72
1115,2023-02-03,6,7,5,93,1.29,119.97
1116,2023-03-02,1,21,5,72,3.67,264.24
1117,2023-03-05,1,19,5,42,2.6,109.2
1118,2023-03-05,1,36,5,20,1.67,33.4
1119,2023-03-18,1,23,5,81,7.63,618.03
1120,2023-03-23,1,18,5,29,6.34,183.86
1121,2023-03-18,1,18,5,99,5.52,546.48
1122,2023-03-27,1,1,1,107,9.17,981.19
1123,2023-03-24,1,7,5,145,6.93,1004.85
1124,2023-03-24,1,9,4,138,5.52,761.76
1125,2023-03-22,2,37,1,65,1.6,104
1126,2023-03-09,2,26,1,135,9.24,1247.4
1127,2023-03-02,2,20,4,28,8.28,231.84
1128,2023-03-18,2,35,3,108,3.92,423.36
1129,2023-03-08,2,15,3,134,7.58,1015.72
1130,2023-03-17,2,11,5,22,4.67,102.74
1131,2023-03-13,2,10,4,73,1.08,78.84
1132,2023-03-20,2,12,5,28,8.18,229.04
1133,2023-03-12,2,38,3,133,7.74,1029.42
1134,2023-03-15,2,8,5,95,3.36,319.2
1135,2023-03-01,2,2,1,110,3,330
1136,2023-03-03,2,34,1,22,7.32,161.04
1137,2023-03-06,3,6,2,24,5.2,124.8
1138,2023-03-27,3,17,4,147,9.35,1374.45
1139,2023-03-02,3,24,1,133,6.21,825.93
1140,2023-03-23,3,36,5,144,4.57,658.08
1141,2023-03-12,3,31,5,128,8.23,1053.44
1142,2023-03-14,3,39,4,75,1.08,81
1143,2023-03-12,3,21,5,11,2.93,32.23
1144,2023-03-13,3,18,5,99,8.2,811.8
1145,2023-03-25,3,11,5,79,1.76,139.04
1146,2023-03-22,3,34,1,82,6.74,552.68
1147,2023-03-03,3,22,3,132,4.61,608.52
1148,2023-03-26,4,31,5,104,9.29,966.16
1149,2023-03-19,4,36,5,51,9.44,481.44
1150,2023-03-14,4,39,4,76,5.43,412.68
1151,2023-03-24,4,27,5,64,5.25,336
1152,2023-03-27,4,21,5,55,3.94,216.7
1153,2023-03-23,4,29,5,145,9.1,1319.5
1154,2023-03-08,4,35,3,53,6.93,367.29
1155,2023-03-11,4,6,2,12,7.61,91.32
1156,2023-03-09,4,19,5,32,3.57,114.24
1157,2023-03-18,4,1,1,50,7.95,397.5
1158,2023-03-20,4,29,5,107,6.97,745.79
1159,2023-03-20,5,6,2,149,4.89,728.61
1160,2023-03-19,5,15,3,94,5.83,548.02
1161,2023-03-23,5,28,1,48,8.8,422.4
1162,2023-03-23,5,33,2,24,3.95,94.8
1163,2023-03-04,5,4,3,23,7.02,161.46
1164,2023-03-01,5,12,5,21,3,63
1165,2023-03-06,5,16,3,130,3.6,468
1166,2023-03-15,5,30,2,59,5.49,323.91
1167,2023-03-06,5,1,1,20,5.45,109
1168,2023-03-10,6,22,3,100,1.61,161
1169,2023-03-01,6,20,4,45,8.99,404.55
1170,2023-03-05,6,22,3,71,4.04,286.84
1171,2023-03-09,6,27,5,123,1.65,202.95
1172,2023-03-21,6,24,1,86,8,688
1173,2023-03-23,6,9,4,123,3.68,452.64
1174,2023-03-12,6,37,1,79,6.62,522.98
1175,2023-03-23,6,4,3,119,6.29,748.51
1176,2023-03-19,6,28,1,142,8.98,1275.16
1177,2023-04-20,1,6,2,78,8.95,698.1
1178,2023-04-27,1,1,1,78,1.7,132.6
1179,2023-04-18,1,13,2,47,2.51,117.97
1180,2023-04-14,1,19,5,60,6.85,411
1181,2023-04-16,1,13,2,138,8.27,1141.26
1182,2023-04-11,1,38,3,35,3.54,123.9
1183,2023-04-02,1,1,1,25,1.76,44
1184,2023-04-18,1,31,5,111,6,666
1185,2023-04-04,1,25,3,55,3,165
1186,2023-04-10,1,24,1,144,1.57,226.08
1187,2023-04-17,2,21,5,53,5.83,308.99
1188,2023-04-28,2,18,5,143,1.13,161.59
1189,2023-04-12,2,38,3,113,5.67,640.71
1190,2023-04-27,2,33,2,147,7.3,1073.1
1191,2023-04-28,2,9,4,25,1.43,35.75
1192,2023-04-19,2,38,3,69,6.13,422.97
1193,2023-04-12,2,38,3,47,2.53,118.91
1194,2023-04-02,2,33,2,21,6.84,143.64
1195,2023-04-02,2,36,5,137,8.94,1224.78
1196,2023-04-28,2,7,5,128,4.26,545.28
1197,2023-04-22,3,6,2,91,2.74,249.34
1198,2023-04-11,3,13,2,54,4.33,233.82
1199,2023-04-07,3,31,5,62,9.47,587.14
1200,2023-04-04,3,36,5,35,6.69,234.15
1201,2023-04-13,3,35,3,17,7.45,126.65
1202,2023-04-24,3,20,4,62,3.31,205.22
1203,2023-04-08,3,38,3,142,7.6,1079.2
1204,2023-04-05,3,18,5,89,4.61,410.29
1205,2023-04-18,3,28,1,130,6.18,803.4
1206,2023-04-05,3,7,5,11,4.76,52.36
1207,2023-04-17,3,37,1,113,8.18,924.34
1208,2023-04-27,3,13,2,70,1.03,72.1
1209,2023-04-01,4,21,5,138,4.68,645.84
1210,2023-04-09,4,11,5,117,4.7,549.9
1211,2023-04-10,4,7,5,142,5.92,840.64
1212,2023-04-17,4,11,5,47,3.76,176.72
1213,2023-04-09,4,37,1,20,5.65,113
1214,2023-04-28,4,20,4,86,2.52,216.72
1215,2023-04-08,4,39,4,123,1.26,154.98
1216,2023-04-06,4,15,3,115,4.31,495.65
1217,2023-04-04,4,24,1,65,8.1,526.5
1218,2023-04-16,4,31,5,25,9.08,227
1219,2023-04-17,4,20,4,71,6.09,432.39
1220,2023-04-07,4,22,3,59,4.69,276.71
1221,2023-04-23,4,27,5,113,5,565
1222,2023-04-07,5,34,1,70,4.41,308.7
1223,2023-04-25,5,22,3,68,9.21,626.28
1224,2023-04-12,5,1,1,72,1.98,142.56
1225,2023-04-27,5,26,1,74,1.84,136.16
1226,2023-04-26,5,4,3,109,2.63,286.67
1227,2023-04-19,5,31,5,10,6.08,60.8
1228,2023-04-15,5,21,5,63,1.06,66.78
1229,2023-04-10,5,31,5,18,3.07,55.26
1230,2023-04-18,5,12,5,54,7.38,398.52
1231,2023-04-13,6,22,3,103,2.07,213.21
1232,2023-04-28,6,21,5,97,8.35,809.95
1233,2023-04-11,6,24,1,44,7.26,319.44
1234,2023-04-27,6,7,5,94,8.36,785.84
1235,2023-04-22,6,19,5,95,2.09,198.55
1236,2023-04-25,6,39,4,135,1.61,217.35
1237,2023-04-22,6,13,2,44,3.66,161.04
1238,2023-04-15,6,18,5,70,5.1,357
1239,2023-05-02,1,25,3,87,1.98,172.26
1240,2023-05-04,1,4,3,30,9.25,277.5
1241,2023-05-04,1,9,4,136,2.4,326.4
1242,2023-05-28,1,32,2,23,5.77,132.71
1243,2023-05-11,1,6,2,119,3.58,426.02
1244,2023-05-09,1,32,2,138,5.34,736.92
1245,2023-05-12,1,36,5,20,6.4,128
1246,2023-05-02,1,27,5,93,3.71,345.03
1247,2023-05-18,1,19,5,108,5.06,546.48
1248,2023-05-16,1,17,4,98,9.43,924.14
1249,2023-05-23,2,19,5,68,4.85,329.8
1250,2023-05-14,2,3,3,27,5.91,159.57
1251,2023-05-07,2,40,4,80,4.48,358.4
1252,2023-05-16,2,2,1,44,5.85,257.4
1253,2023-05-25,2,16,3,24,6.69,160.56
1254,2023-05-02,2,18,5,121,7.79,942.59
1255,2023-05-06,2,10,4,80,4.17,333.6
1256,2023-05-13,2,38,3,73,9.33,681.09
1257,2023-05-08,2,3,3,24,1.4,33.6
1258,2023-05-23,3,3,3,37,1.96,72.52
1259,2023-05-15,3,36,5,135,8.6,1161
1260,2023-05-22,3,17,4,59,2.87,169.33
1261,2023-05-04,3,11,5,127,3.98,505.46
1262,2023-05-22,3,6,2,33,1.66,54.78
1263,2023-05-12,3,31,5,18,1.92,34.56
1264,2023-05-14,3,38,3,128,4.49,574.72
1265,2023-05-08,3,4,3,77,8.11,624.47
1266,2023-05-22,3,3,3,102,6.37,649.74
1267,2023-05-09,4,25,3,80,9.1,728
1268,2023-05-01,4,25,3,64,4.18,267.52
1269,2023-05-08,4,32,2,144,5.81,836.64
1270,2023-05-01,4,36,5,43,7.78,334.54
1271,2023-05-02,4,32,2,91,3.88,353.08
1272,2023-05-14,4,30,2,55,3.01,165.55
1273,2023-05-08,4,38,3,138,9.11,1257.18
1274,2023-05-08,4,26,1,147,6.44,946.68
1275,2023-05-15,4,10,4,42,1.54,64.68
1276,2023-05-02,5,22,3,86,4.69,403.34
1277,2023-05-01,5,4,3,32,8.83,282.56
1278,2023-05-12,5,4,3,52,6.76,351.52
1279,2023-05-24,5,27,5,46,9.02,414.92
1280,2023-05-12,5,28,1,62,8.35,517.7
1281,2023-05-21,5,7,5,140,2.7,378
1282,2023-05-01,5,35,3,117,7.67,897.39
1283,2023-05-01,5,5,2,94,1.35,126.9
1284,2023-05-17,5,11,5,93,4.13,384.09
1285,2023-05-07,6,5,2,136,2.31,314.16
1286,2023-05-17,6,23,5,131,4.06,531.86
1287,2023-05-03,6,4,3,132,7.89,1041.48
1288,2023-05-05,6,14,2,41,3.41,139.81
1289,2023-05-19,6,9,4,149,2.27,338.23
1290,2023-05-26,6,38,3,109,6.68,728.12
1291,2023-05-15,6,14,2,19,1.28,24.32
1292,2023-05-20,6,2,1,136,6.52,886.72
1293,2023-05-07,6,34,1,121,2.87,347.27
1294,2023-05-23,6,29,5,80,5.44,435.2
1295,2023-06-09,1,10,4,131,8.04,1053.24
1296,2023-06-28,1,2,1,123,9.26,1138.98
1297,2023-06-17,1,25,3,30,2.45,73.5
1298,2023-06-12,1,21,5,99,1.96,194.04
1299,2023-06-26,1,2,1,62,3.33,206.46
1300,2023-06-10,1,18,5,17,7.22,122.74
1301,2023-06-21,1,34,1,44,8.95,393.8
1302,2023-06-25,1,12,5,103,6.6,679.8
1303,2023-06-03,1,10,4,134,6.45,864.3
1304,2023-06-02,1,27,5,35,4.45,155.75
1305,2023-06-27,1,4,3,25,5.69,142.25
1306,2023-06-22,1,1,1,44,3,132
1307,2023-06-20,1,28,1,98,8.89,871.22
1308,2023-06-20,2,21,5,12,3.29,39.48
1309,2023-06-04,2,10,4,81,5.06,409.86
1310,2023-06-21,2,7,5,38,2.75,104.5
1311,2023-06-23,2,24,1,43,4.17,179.31
1312,2023-06-05,2,11,5,110,7.33,806.3
1313,2023-06-17,2,20,4,42,0.89,37.38
1314,2023-06-24,2,15,3,149,2.16,321.84
1315,2023-06-13,2,16,3,38,4.15,157.7
1316,2023-06-25,2,37,1,130,6,780
1317,2023-06-09,2,1,1,95,8.79,835.05
1318,2023-06-07,3,28,1,31,8.84,274.04
1319,2023-06-23,3,1,1,28,1.19,33.32
1320,2023-06-07,3,1,1,38,4.46,169.48
1321,2023-06-21,3,33,2,60,0.87,52.2
1322,2023-06-10,3,39,4,77,5.65,435.05
1323,2023-06-02,3,33,2,138,1.32,182.16
1324,2023-06-22,3,22,3,50,6.84,342
1325,2023-06-22,3,37,1,130,5.43,705.9
1326,2023-06-08,3,24,1,60,4.94,296.4
1327,2023-06-20,3,1,1,131,7.85,1028.35
1328,2023-06-25,4,30,2,19,2.87,54.53
1329,2023-06-02,4,30,2,123,5.09,626.07
1330,2023-06-04,4,38,3,14,7.02,98.28
1331,2023-06-10,4,16,3,28,5.98,167.44
1332,2023-06-16,4,22,3,24,5.55,133.2
1333,2023-06-05,4,15,3,33,8.92,294.36
1334,2023-06-28,4,1,1,33,9.49,313.17
1335,2023-06-21,4,11,5,103,0.87,89.61
1336,2023-06-14,4,10,4,112,1.38,154.56
1337,2023-06-04,4,27,5,29,6.98,202.42
1338,2023-06-21,4,9,4,39,3.86,150.54
1339,2023-06-21,4,17,4,110,5.92,651.2
1340,2023-06-14,4,30,2,112,4.89,547.68
1341,2023-06-20,5,11,5,115,7.63,877.45
1342,2023-06-05,5,29,5,112,4.07,455.84
1343,2023-06-11,5,29,5,39,2.76,107.64
1344,2023-06-17,5,32,2,129,7.46,962.34
1345,2023-06-24,5,15,3,124,2.5,310
1346,2023-06-27,5,38,3,95,1.93,183.35
1347,2023-06-20,5,37,1,39,0.94,36.66
1348,2023-06-10,5,13,2,96,3.76,360.96
1349,2023-06-24,5,10,4,10,1.57,15.7
1350,2023-06-17,5,5,2,110,0.95,104.5
1351,2023-06-13,5,8,5,40,5.53,221.2
1352,2023-06-22,6,5,2,107,6.38,682.66
1353,2023-06-02,6,21,5,142,6.05,859.1
1354,2023-06-22,6,30,2,92,8.04,739.68
1355,2023-06-21,6,34,1,69,8.2,565.8
1356,2023-06-02,6,12,5,132,2.31,304.92
1357,2023-06-09,6,5,2,72,9.13,657.36
1358,2023-06-28,6,39,4,101,5.98,603.98
1359,2023-06-16,6,16,3,36,7.93,285.48
1360,2023-06-16,6,7,5,23,5.42,124.66
1361,2023-06-17,6,30,2,63,2.12,133.56
1362,2023-07-16,1,32,2,71,8.15,578.65
1363,2023-07-22,1,27,5,100,2.59,259
1364,2023-07-16,1,11,5,119,7.42,882.98
1365,2023-07-21,1,28,1,64,3.49,223.36
1366,2023-07-23,1,22,3,24,2.68,64.32
1367,2023-07-19,1,28,1,113,7.05,796.65
1368,2023-07-04,1,37,1,84,4.63,388.92
1369,2023-07-15,1,36,5,126,3.36,423.36
1370,2023-07-13,1,31,5,101,4.52,456.52
1371,2023-07-09,1,24,1,132,5.16,681.12
1372,2023-07-04,2,17,4,19,6.19,117.61
1373,2023-07-09,2,16,3,44,5.35,235.4
1374,2023-07-19,2,28,1,71,4.92,349.32
1375,2023-07-27,2,9,4,125,4.79,598.75
1376,2023-07-23,2,27,5,22,7.81,171.82
1377,2023-07-28,2,38,3,92,6.16,566.72
1378,2023-07-16,2,24,1,62,2.46,152.52
1379,2023-07-18,2,39,4,18,0.91,16.38
1380,2023-07-20,3,16,3,119,1.91,227.29
1381,2023-07-17,3,32,2,136,6.71,912.56
1382,2023-07-06,3,24,1,31,7.35,227.85
1383,2023-07-14,3,32,2,49,5.62,275.38
1384,2023-07-04,3,38,3,112,5.41,605.92
1385,2023-07-05,3,21,5,84,8.83,741.72
1386,2023-07-24,3,25,3,128,1.06,135.68
1387,2023-07-13,3,25,3,15,1.67,25.05
1388,2023-07-17,3,28,1,38,2.55,96.9
1389,2023-07-26,3,35,3,122,4.88,595.36
1390,2023-07-07,3,21,5,130,8.55,1111.5
1391,2023-07-19,4,29,5,93,4.99,464.07
1392,2023-07-04,4,23,5,35,4.95,173.25
1393,2023-07-28,4,30,2,80,4.3,344
1394,2023-07-18,4,2,1,57,5.04,287.28
1395,2023-07-18,4,3,3,67,4.68,313.56
1396,2023-07-19,4,24,1,149,3.95,588.55
1397,2023-07-25,4,15,3,103,8.03,827.09
1398,2023-07-06,4,25,3,101,3.86,389.86
1399,2023-07-25,4,25,3,67,7.96,533.32
1400,2023-07-12,5,13,2,98,3.15,308.7
1401,2023-07-10,5,40,4,110,2.87,315.7
1402,2023-07-08,5,9,4,21,2.89,60.69
1403,2023-07-20,5,14,2,17,1.36,23.12
1404,2023-07-10,5,37,1,98,5.15,504.7
1405,2023-07-19,5,37,1,71,3.47,246.37
1406,2023-07-02,5,26,1,118,7.93,935.74
1407,2023-07-22,5,1,1,19,7.26,137.94
1408,2023-07-17,5,5,2,52,4.52,235.04
1409,2023-07-09,5,16,3,149,6.94,1034.06
1410,2023-07-01,5,13,2,73,8.88,648.24
1411,2023-07-18,5,24,1,32,0.95,30.4
1412,2023-07-16,6,39,4,21,3.92,82.32
1413,2023-07-07,6,23,5,93,5.83,542.19
1414,2023-07-02,6,25,3,109,1.12,122.08
1415,2023-07-12,6,1,1,60,3.7,222
1416,2023-07-27,6,23,5,124,2.12,262.88
1417,2023-07-13,6,4,3,75,3.31,248.25
1418,2023-07-12,6,37,1,94,4.4,413.6
1419,2023-07-28,6,37,1,79,5.05,398.95
1420,2023-07-12,6,33,2,77,3.13,241.01
1421,2023-07-15,6,19,5,96,5.62,539.52
1422,2023-07-22,6,12,5,93,7.33,681.69
1423,2023-08-16,1,15,3,142,3.11,441.62
1424,2023-08-19,1,4,3,128,5.75,736
1425,2023-08-15,1,10,4,99,8.83,874.17
1426,2023-08-20,1,40,4,58,4.74,274.92
1427,2023-08-06,1,23,5,126,7.36,927.36
1428,2023-08-18,1,30,2,92,3.3,303.6
1429,2023-08-09,1,15,3,126,8.99,1132.74
1430,2023-08-17,1,38,3,93,4.22,392.46
1431,2023-08-22,1,31,5,60,4.24,254.4
1432,2023-08-04,1,25,3,25,9.29,232.25
1433,2023-08-28,1,15,3,79,4.79,378.41
1434,2023-08-12,1,15,3,150,9.41,1411.5
1435,2023-08-02,1,2,1,47,8.32,391.04
1436,2023-08-19,2,3,3,144,7.32,1054.08
1437,2023-08-22,2,33,2,57,7.59,432.63
1438,2023-08-25,2,37,1,69,8.58,592.02
1439,2023-08-19,2,29,5,65,1.45,94.25
1440,2023-08-11,2,21,5,52,7.86,408.72
1441,2023-08-10,2,5,2,95,0.92,87.4
1442,2023-08-26,2,38,3,142,7,994
1443,2023-08-07,2,29,5,88,6.85,602.8
1444,2023-08-23,2,30,2,42,6.23,261.66
1445,2023-08-27,2,39,4,85,7.77,660.45
1446,2023-08-02,2,38,3,68,2.04,138.72
1447,2023-08-22,2,40,4,92,8.3,763.6
1448,2023-08-02,3,6,2,136,4.22,573.92
1449,2023-08-04,3,5,2,39,3.49,136.11
1450,2023-08-21,3,3,3,112,6.77,758.24
1451,2023-08-23,3,27,5,26,7.94,206.44
1452,2023-08-09,3,28,1,144,9.48,1365.12
1453,2023-08-12,3,12,5,77,4.57,351.89
1454,2023-08-05,3,13,2,35,9.33,326.55
1455,2023-08-19,3,4,3,134,3.46,463.64
1456,2023-08-20,3,29,5,128,8.22,1052.16
1457,2023-08-24,3,2,1,96,8.73,838.08
1458,2023-08-13,3,35,3,112,1.22,136.64
1459,2023-08-12,3,3,3,107,2.63,281.41
1460,2023-08-20,4,38,3,124,2.07,256.68
1461,2023-08-09,4,37,1,106,3.55,376.3
1462,2023-08-25,4,20,4,25,6.84,171
1463,2023-08-23,4,25,3,141,3.86,544.26
1464,2023-08-13,4,13,2,41,5.68,232.88
1465,2023-08-23,4,24,1,38,2.37,90.06
1466,2023-08-12,4,31,5,130,4.09,531.7
1467,2023-08-10,4,4,3,74,8.02,593.48
1468,2023-08-08,4,19,5,68,9.24,628.32
1469,2023-08-23,5,10,4,99,8.88,879.12
1470,2023-08-05,5,25,3,18,3.88,69.84
1471,2023-08-01,5,8,5,146,4.03,588.38
1472,2023-08-03,5,8,5,76,5.15,391.4
1473,2023-08-18,5,1,1,26,6.91,179.66
1474,2023-08-05,5,19,5,10,3.77,37.7
1475,2023-08-05,5,13,2,58,5.04,292.32
1476,2023-08-03,5,14,2,48,9.19,441.12
1477,2023-08-28,6,19,5,43,5.3,227.9
1478,2023-08-21,6,13,2,23,8.22,189.06
1479,2023-08-11,6,11,5,80,3.56,284.8
1480,2023-08-20,6,30,2,141,4.75,669.75
1481,2023-08-13,6,4,3,104,1.9,197.6
1482,2023-08-15,6,23,5,17,8.8,149.6
1483,2023-08-27,6,30,2,146,4.59,670.14
1484,2023-08-22,6,2,1,69,2.85,196.65
1485,2023-08-13,6,26,1,62,5.29,327.98
1486,2023-08-19,6,11,5,114,7.24,825.36
1487,2023-08-09,6,22,3,11,7.18,78.98
1488,2023-09-11,1,24,1,148,4.93,729.64
1489,2023-09-03,1,7,5,103,4.28,440.84
1490,2023-09-04,1,9,4,63,9.12,574.56
1491,2023-09-17,1,6,2,97,6.35,615.95
1492,2023-09-13,1,18,5,45,2.9,130.5
1493,2023-09-01,1,23,5,106,6.58,697.48
1494,2023-09-01,1,1,1,90,8.9,801
1495,2023-09-04,1,11,5,108,9.19,992.52
1496,2023-09-19,1,10,4,83,3.01,249.83
1497,2023-09-16,1,23,5,73,4.94,360.62
1498,2023-09-14,1,29,5,113,3.55,401.15
1499,2023-09-05,1,36,5,26,4.02,104.52
1500,2023-09-22,1,20,4,124,6.82,845.68
1501,2023-09-19,2,13,2,150,2.49,373.5
1502,2023-09-26,2,16,3,102,1.11,113.22
1503,2023-09-21,2,28,1,104,5.4,561.6
1504,2023-09-02,2,13,2,142,4.52,641.84
1505,2023-09-04,2,8,5,110,5.19,570.9
1506,2023-09-16,2,22,3,74,7.55,558.7
1507,2023-09-17,2,36,5,119,4.31,512.89
1508,2023-09-25,2,38,3,65,2.42,157.3
1509,2023-09-03,2,1,1,38,6.81,258.78
1510,2023-09-06,2,23,5,82,9.42,772.44
1511,2023-09-22,2,25,3,12,6.03,72.36
1512,2023-09-04,2,2,1,58,7.61,441.38
1513,2023-09-06,3,34,1,97,5.4,523.8
1514,2023-09-10,3,4,3,86,3.39,291.54
1515,2023-09-08,3,12,5,141,6.77,954.57
1516,2023-09-13,3,7,5,94,2.71,254.74
1517,2023-09-01,3,15,3,143,2.12,303.16
1518,2023-09-07,3,20,4,137,4.25,582.25
1519,2023-09-24,3,35,3,86,1.11,95.46
1520,2023-09-19,3,40,4,120,2.78,333.6
1521,2023-09-05,3,11,5,67,4.74,317.58
1522,2023-09-17,3,30,2,44,2.71,119.24
1523,2023-09-05,3,7,5,90,9.11,819.9
1524,2023-09-28,3,10,4,68,0.93,63.24
1525,2023-09-22,3,12,5,83,1.23,102.09
1526,2023-09-12,4,21,5,71,2.75,195.25
1527,2023-09-18,4,16,3,150,3.39,508.5
1528,2023-09-11,4,37,1,12,7.1,85.2
1529,2023-09-20,4,17,4,139,8.29,1152.31
1530,2023-09-24,4,9,4,100,2.39,239
1531,2023-09-21,4,35,3,46,9.12,419.52
1532,2023-09-24,4,28,1,124,2.41,298.84
1533,2023-09-06,4,27,5,143,2.44,348.92
1534,2023-09-17,4,6,2,97,5.67,549.99
1535,2023-09-25,4,1,1,82,7.98,654.36
1536,2023-09-24,5,14,2,12,5.66,67.92
1537,2023-09-13,5,32,2,99,2.69,266.31
1538,2023-09-21,5,13,2,100,4.83,483
1539,2023-09-26,5,26,1,50,3.83,191.5
1540,2023-09-23,5,4,3,59,5.27,310.93
1541,2023-09-21,5,37,1,122,3.15,384.3
1542,2023-09-11,5,11,5,94,6.39,600.66
1543,2023-09-11,5,28,1,120,2.28,273.6
1544,2023-09-24,6,35,3,57,6.17,351.69
1545,2023-09-27,6,11,5,120,4.58,549.6
1546,2023-09-12,6,9,4,52,5.04,262.08
1547,2023-09-14,6,23,5,90,7.96,716.4
1548,2023-09-03,6,13,2,133,4.76,633.08
1549,2023-09-09,6,31,5,42,7.63,320.46
1550,2023-09-19,6,29,5,123,5.45,670.35
1551,2023-09-14,6,13,2,95,0.94,89.3
1552,2023-09-19,6,30,2,93,1.38,128.34
1553,2023-10-14,1,15,3,140,7.65,1071
1554,2023-10-24,1,39,4,88,5.09,447.92
1555,2023-10-15,1,33,2,118,5.51,650.18
1556,2023-10-21,1,17,4,120,6.71,805.2
1557,2023-10-13,1,7,5,131,4.6,602.6
1558,2023-10-28,1,30,2,100,5.97,597
1559,2023-10-16,1,33,2,108,2.67,288.36
1560,2023-10-20,1,5,2,132,2.63,347.16
1561,2023-10-26,1,21,5,148,3.45,510.6
1562,2023-10-22,2,16,3,81,3.69,298.89
1563,2023-10-21,2,5,2,96,4.42,424.32
1564,2023-10-07,2,9,4,54,9.47,511.38
1565,2023-10-13,2,16,3,37,1.76,65.12
1566,2023-10-17,2,18,5,70,7.44,520.8
1567,2023-10-04,2,33,2,82,1.98,162.36
1568,2023-10-25,2,38,3,116,1.67,193.72
1569,2023-10-22,2,14,2,29,4.54,131.66
1570,2023-10-22,2,31,5,69,8.25,569.25
1571,2023-10-10,2,28,1,104,2.52,262.08
1572,2023-10-04,3,8,5,102,7.95,810.9
1573,2023-10-03,3,15,3,10,7.12,71.2
1574,2023-10-05,3,13,2,137,0.87,119.19
1575,2023-10-13,3,36,5,51,6.67,340.17
1576,2023-10-27,3,12,5,144,5.18,745.92
1577,2023-10-09,3,26,1,103,7.1,731.3
1578,2023-10-15,3,40,4,148,8.47,1253.56
1579,2023-10-28,3,3,3,119,7.04,837.76
1580,2023-10-10,4,14,2,30,7.5,225
1581,2023-10-27,4,39,4,132,2.66,351.12
1582,2023-10-09,4,38,3,114,6.54,745.56
1583,2023-10-07,4,1,1,140,6.1,854
1584,2023-10-18,4,34,1,35,5.7,199.5
1585,2023-10-09,4,27,5,73,2.61,190.53
1586,2023-10-26,4,17,4,119,8.19,974.61
1587,2023-10-06,4,9,4,10,7.38,73.8
1588,2023-10-07,4,15,3,110,8.48,932.8
1589,2023-10-03,5,23,5,40,1.96,78.4
1590,2023-10-08,5,15,3,39,2.98,116.22
1591,2023-10-02,5,10,4,18,3.39,61.02
1592,2023-10-01,5,39,4,71,5.27,374.17
1593,2023-10-11,5,40,4,18,4.1,73.8
1594,2023-10-19,5,6,2,29,3.04,88.16
1595,2023-10-20,5,2,1,17,1.51,25.67
1596,2023-10-16,5,4,3,128,4.44,568.32
1597,2023-10-15,5,31,5,31,5.21,161.51
1598,2023-10-02,5,5,2,74,6.15,455.1
1599,2023-10-22,5,27,5,51,5.94,302.94
1600,2023-10-21,6,31,5,18,6.41,115.38
1601,2023-10-02,6,39,4,123,3.01,370.23
1602,2023-10-26,6,7,5,147,3.52,517.44
1603,2023-10-04,6,2,1,146,5.96,870.16
1604,2023-10-07,6,29,5,77,3.95,304.15
1605,2023-10-25,6,1,1,48,2.11,101.28
1606,2023-10-02,6,2,1,121,7.85,949.85
1607,2023-10-03,6,24,1,59,8.17,482.03
1608,2023-10-23,6,24,1,143,4.11,587.73
1609,2023-10-24,6,30,2,18,3.76,67.68
1610,2023-10-25,6,37,1,65,5.27,342.55
1611,2023-11-08,1,8,5,132,8.26,1090.32
1612,2023-11-22,1,23,5,95,2.41,228.95
1613,2023-11-12,1,23,5,150,3.92,588
1614,2023-11-02,1,27,5,133,4.57,607.81
1615,2023-11-23,1,14,2,23,7.14,164.22
1616,2023-11-15,1,5,2,77,2.38,183.26
1617,2023-11-13,1,38,3,78,1.05,81.9
1618,2023-11-25,1,14,2,29,8.18,237.22
1619,2023-11-25,1,15,3,60,1.13,67.8
1620,2023-11-21,1,27,5,87,4.69,408.03
1621,2023-11-07,1,34,1,135,9.45,1275.75
1622,2023-11-22,2,18,5,105,1.99,208.95
1623,2023-11-25,2,29,5,131,4.97,651.07
1624,2023-11-09,2,8,5,40,5.74,229.6
1625,2023-11-18,2,23,5,20,9.39,187.8
1626,2023-11-11,2,31,5,20,7.86,157.2
1627,2023-11-01,2,21,5,109,2.99,325.91
1628,2023-11-12,2,3,3,136,1.5,204
1629,2023-11-05,2,8,5,51,4.54,231.54
1630,2023-11-04,2,26,1,150,1.12,168
1631,2023-11-09,2,30,2,64,9.31,595.84
1632,2023-11-12,2,17,4,100,1.42,142
1633,2023-11-27,3,25,3,74,9.46,700.04
1634,2023-11-25,3,7,5,35,0.98,34.3
1635,2023-11-05,3,29,5,134,3.73,499.82
1636,2023-11-27,3,22,3,78,2.29,178.62
1637,2023-11-02,3,40,4,81,0.87,70.47
1638,2023-11-21,3,7,5,33,6.49,214.17
1639,2023-11-26,3,33,2,79,8.68,685.72
1640,2023-11-20,3,9,4,114,5.63,641.82
1641,2023-11-19,4,17,4,17,4.59,78.03
1642,2023-11-25,4,35,3,58,4.96,287.68
1643,2023-11-03,4,35,3,78,1.31,102.18
1644,2023-11-12,4,38,3,30,3.35,100.5
1645,2023-11-18,4,29,5,125,2.7,337.5
1646,2023-11-24,4,16,3,19,4.85,92.15
1647,2023-11-12,4,37,1,91,7.87,716.17
1648,2023-11-10,4,11,5,55,6.05,332.75
1649,2023-11-07,5,22,3,124,2.21,274.04
1650,2023-11-14,5,28,1,119,1.19,141.61
1651,2023-11-27,5,10,4,32,1.41,45.12
1652,2023-11-24,5,16,3,129,5.91,762.39
1653,2023-11-04,5,31,5,52,8.8,457.6
1654,2023-11-10,5,10,4,34,5.99,203.66
1655,2023-11-04,5,3,3,118,1.88,221.84
1656,2023-11-22,5,27,5,90,3.14,282.6
1657,2023-11-14,5,19,5,32,5.28,168.96
1658,2023-11-13,5,35,3,58,3.73,216.34
1659,2023-11-03,6,1,1,68,2.12,144.16
1660,2023-11-07,6,30,2,74,5,370
1661,2023-11-16,6,5,2,85,4.69,398.65
1662,2023-11-24,6,12,5,64,2.79,178.56
1663,2023-11-06,6,14,2,91,7.74,704.34
1664,2023-11-03,6,12,5,107,6.89,737.23
1665,2023-11-25,6,25,3,84,1.92,161.28
1666,2023-11-14,6,32,2,118,7,826
1667,2023-11-25,6,34,1,33,8.27,272.91
1668,2023-11-26,6,31,5,99,2.22,219.78
1669,2023-11-07,6,38,3,80,1.25,100
1670,2023-12-08,1,26,1,87,0.86,74.82
1671,2023-12-22,1,24,1,147,6.6,970.2
1672,2023-12-09,1,26,1,46,1.73,79.58
1673,2023-12-25,1,19,5,63,5.61,353.43
1674,2023-12-16,1,1,1,145,2.94,426.3
1675,2023-12-03,1,10,4,72,7.88,567.36
1676,2023-12-10,1,12,5,92,4.86,447.12
1677,2023-12-09,1,21,5,20,4.81,96.2
1678,2023-12-28,1,20,4,28,2.85,79.8
1679,2023-12-05,1,10,4,91,7.81,710.71
1680,2023-12-26,1,38,3,109,7.63,831.67
1681,2023-12-28,1,40,4,41,1.77,72.57
1682,2023-12-14,2,9,4,18,5.28,95.04
1683,2023-12-09,2,15,3,59,7.56,446.04
1684,2023-12-19,2,34,1,41,4.48,183.68
1685,2023-12-28,2,23,5,103,9.27,954.81
1686,2023-12-10,2,22,3,116,8.17,947.72
1687,2023-12-23,2,34,1,28,1.08,30.24
1688,2023-12-11,2,20,4,126,3.05,384.3
1689,2023-12-22,2,33,2,114,2.02,230.28
1690,2023-12-25,2,36,5,147,6.52,958.44
1691,2023-12-26,2,33,2,75,4.9,367.5
1692,2023-12-24,3,18,5,43,4.45,191.35
1693,2023-12-11,3,10,4,77,7.47,575.19
1694,2023-12-17,3,36,5,137,9.18,1257.66
1695,2023-12-03,3,8,5,113,7.93,896.09
1696,2023-12-23,3,37,1,51,1.71,87.21
1697,2023-12-04,3,27,5,64,2.22,142.08
1698,2023-12-13,3,40,4,74,7.77,574.98
1699,2023-12-08,3,16,3,147,1.55,227.85
1700,2023-12-04,3,32,2,27,0.92,24.84
1701,2023-12-23,3,1,1,65,3.84,249.6
1702,2023-12-02,3,29,5,125,1.49,186.25
1703,2023-12-12,3,11,5,28,5.33,149.24
1704,2023-12-10,4,30,2,86,1.55,133.3
1705,2023-12-08,4,22,3,24,3.15,75.6
1706,2023-12-14,4,19,5,93,5.35,497.55
1707,2023-12-26,4,17,4,107,7.19,769.33
1708,2023-12-26,4,8,5,70,4.82,337.4
1709,2023-12-19,4,29,5,78,3.8,296.4
1710,2023-12-09,4,2,1,94,0.9,84.6
1711,2023-12-08,4,1,1,148,5.72,846.56
1712,2023-12-09,4,25,3,113,2.14,241.82
1713,2023-12-23,5,5,2,85,7.23,614.55
1714,2023-12-14,5,33,2,100,4.73,473
1715,2023-12-24,5,31,5,115,5.82,669.3
1716,2023-12-25,5,31,5,11,2.5,27.5
1717,2023-12-26,5,36,5,54,5.23,282.42
1718,2023-12-02,5,33,2,54,3.38,182.52
1719,2023-12-24,5,7,5,25,8.3,207.5
1720,2023-12-12,5,35,3,123,2.81,345.63
1721,2023-12-05,5,18,5,124,9.09,1127.16
1722,2023-12-24,5,27,5,29,2.03,58.87
1723,2023-12-11,6,9,4,68,7.36,500.48
1724,2023-12-09,6,18,5,34,3.45,117.3
1725,2023-12-12,6,15,3,150,2.3,345
1726,2023-12-01,6,5,2,76,4.7,357.2
1727,2023-12-05,6,11,5,114,3.77,429.78
1728,2023-12-26,6,6,2,44,2.18,95.92
1729,2023-12-20,6,31,5,119,2.8,333.2
1730,2023-12-09,6,27,5,95,4.92,467.4
1731,2023-12-21,6,33,2,100,4.35,435
1732,2023-12-10,6,9,4,90,3.3,297
1733,2023-12-08,6,2,1,147,2.37,348.39
1734,2024-01-26,1,26,1,113,1.04,117.52
1735,2024-01-06,1,40,4,90,2.04,183.6
1736,2024-01-18,1,4,3,136,8.03,1092.08
1737,2024-01-14,1,40,4,83,4.99,414.17
1738,2024-01-16,1,6,2,36,8.05,289.8
1739,2024-01-22,1,10,4,93,2.83,263.19
1740,2024-01-25,1,35,3,25,8.65,216.25
1741,2024-01-07,1,4,3,138,8.71,1201.98
1742,2024-01-06,1,34,1,135,8.98,1212.3
1743,2024-01-26,1,35,3,34,1.93,65.62
1744,2024-01-16,1,38,3,149,5.03,749.47
1745,2024-01-07,1,10,4,73,3.64,265.72
1746,2024-01-18,2,9,4,32,2.46,78.72
1747,2024-01-27,2,1,1,82,5.35,438.7
1748,2024-01-08,2,26,1,59,3.16,186.44
1749,2024-01-18,2,32,2,107,7.41,792.87
1750,2024-01-20,2,12,5,91,3.83,348.53
1751,2024-01-10,2,14,2,65,4.96,322.4
1752,2024-01-23,2,11,5,116,4.56,528.96
1753,2024-01-04,2,15,3,83,3.7,307.1
1754,2024-01-22,2,2,1,83,3.81,316.23
1755,2024-01-07,2,3,3,30,4.64,139.2
1756,2024-01-23,3,16,3,22,7.17,157.74
1757,2024-01-04,3,29,5,17,6.85,116.45
1758,2024-01-14,3,16,3,78,6.72,524.16
1759,2024-01-02,3,29,5,145,4.35,630.75
1760,2024-01-22,3,21,5,35,6.18,216.3
1761,2024-01-20,3,38,3,116,7.49,868.84
1762,2024-01-15,3,35,3,142,8.83,1253.86
1763,2024-01-07,3,40,4,119,6.04,718.76
1764,2024-01-19,3,6,2,135,1.69,228.15
1765,2024-01-09,3,19,5,131,6.03,789.93
1766,2024-01-14,4,4,3,52,3.67,190.84
1767,2024-01-02,4,5,2,121,7.74,936.54
1768,2024-01-24,4,7,5,51,6.78,345.78
1769,2024-01-23,4,18,5,21,6.63,139.23
1770,2024-01-23,4,26,1,53,5.9,312.7
1771,2024-01-09,4,2,1,62,4.06,251.72
1772,2024-01-01,4,19,5,108,1.09,117.72
1773,2024-01-25,4,20,4,22,3.78,83.16
1774,2024-01-22,4,21,5,115,2.02,232.3
1775,2024-01-20,4,36,5,72,0.86,61.92
1776,2024-01-22,4,37,1,148,4.78,707.44
1777,2024-01-12,4,20,4,64,4.44,284.16
1778,2024-01-28,5,24,1,85,3.15,267.75
1779,2024-01-15,5,4,3,57,4.28,243.96
1780,2024-01-28,5,32,2,27,2.05,55.35
1781,2024-01-22,5,32,2,131,2.08,272.48
1782,2024-01-02,5,23,5,123,4.59,564.57
1783,2024-01-05,5,19,5,142,1.14,161.88
1784,2024-01-06,5,20,4,148,3.16,467.68
1785,2024-01-18,5,9,4,24,1.45,34.8
1786,2024-01-26,6,26,1,130,8.87,1153.1
1787,2024-01-24,6,37,1,70,4.14,289.8
1788,2024-01-07,6,17,4,91,7.13,648.83
1789,2024-01-11,6,5,2,21,8.4,176.4
1790,2024-01-23,6,32,2,93,2.69,250.17
1791,2024-01-17,6,37,1,24,1.19,28.56
1792,2024-01-22,6,3,3,108,6.19,668.52
1793,2024-01-05,6,37,1,139,3.65,507.35
1794,2024-01-18,6,7,5,40,9.06,362.4
1795,2024-01-21,6,25,3,108,5.86,632.88
1796,2024-02-21,1,11,5,108,2.49,268.92
1797,2024-02-04,1,22,3,133,8.86,1178.38
1798,2024-02-13,1,1,1,97,8.59,833.23
1799,2024-02-06,1,19,5,16,5.7,91.2
1800,2024-02-10,1,34,1,57,5.58,318.06
1801,2024-02-01,1,3,3,42,5.95,249.9
1802,2024-02-05,1,22,3,43,4.86,208.98
1803,2024-02-22,1,5,2,107,1.53,163.71
1804,2024-02-02,1,37,1,142,7.49,1063.58
1805,2024-02-25,1,39,4,52,6.42,333.84
1806,2024-02-13,1,10,4,34,6.66,226.44
1807,2024-02-26,2,25,3,85,2.18,185.3
1808,2024-02-23,2,23,5,118,2.51,296.18
1809,2024-02-09,2,3,3,130,7.21,937.3
1810,2024-02-23,2,39,4,83,1.93,160.19
1811,2024-02-23,2,2,1,68,0.97,65.96
1812,2024-02-21,2,14,2,63,7.92,498.96
1813,2024-02-11,2,15,3,127,5.29,671.83
1814,2024-02-21,2,33,2,147,4.51,662.97
1815,2024-02-19,3,27,5,106,8.84,937.04
1816,2024-02-05,3,40,4,138,5.8,800.4
1817,2024-02-14,3,12,5,50,3.03,151.5
1818,2024-02-16,3,37,1,29,2.76,80.04
1819,2024-02-25,3,12,5,58,9.47,549.26
1820,2024-02-16,3,37,1,127,7.08,899.16
1821,2024-02-22,3,2,1,139,4.76,661.64
1822,2024-02-08,3,31,5,58,8,464
1823,2024-02-18,3,6,2,63,5.87,369.81
1824,2024-02-07,3,10,4,145,2.7,391.5
1825,2024-02-11,3,4,3,68,3.51,238.68
1826,2024-02-16,4,8,5,122,9.13,1113.86
1827,2024-02-24,4,22,3,18,6.86,123.48
1828,2024-02-25,4,37,1,21,4.33,90.93
1829,2024-02-20,4,24,1,50,7.91,395.5
1830,2024-02-21,4,28,1,122,6.59,803.98
1831,2024-02-23,4,7,5,47,2.94,138.18
1832,2024-02-01,4,25,3,63,6.77,426.51
1833,2024-02-16,4,37,1,148,9.13,1351.24
1834,2024-02-26,4,26,1,99,6.91,684.09
1835,2024-02-22,4,32,2,123,2.08,255.84
1836,2024-02-17,4,37,1,141,1.2,169.2
1837,2024-02-23,4,18,5,66,5.96,393.36
1838,2024-02-13,4,32,2,37,6.56,242.72
1839,2024-02-15,4,20,4,92,2.42,222.64
1840,2024-02-13,5,28,1,121,4.97,601.37
1841,2024-02-10,5,20,4,25,8.1,202.5
1842,2024-02-28,5,21,5,134,4,536
1843,2024-02-12,5,3,3,52,7.18,373.36
1844,2024-02-19,5,34,1,134,5.56,745.04
1845,2024-02-02,5,7,5,43,2.32,99.76
1846,2024-02-07,5,28,1,88,2.33,205.04
1847,2024-02-16,5,36,5,126,3.93,495.18
1848,2024-02-28,5,26,1,58,7.29,422.82
1849,2024-02-14,5,7,5,17,1.74,29.58
1850,2024-02-21,5,29,5,72,3.09,222.48
1851,2024-02-20,5,20,4,18,3.1,55.8
1852,2024-02-10,5,21,5,117,5.15,602.55
1853,2024-02-25,6,31,5,110,4.29,471.9
1854,2024-02-02,6,28,1,100,2.93,293
1855,2024-02-25,6,1,1,77,6.62,509.74
1856,2024-02-26,6,15,3,88,4.59,403.92
1857,2024-02-01,6,35,3,125,6.25,781.25
1858,2024-02-13,6,29,5,44,2.49,109.56
1859,2024-02-12,6,9,4,80,6.09,487.2
1860,2024-02-19,6,25,3,74,7.65,566.1
1861,2024-02-19,6,24,1,62,6.56,406.72
1862,2024-02-16,6,40,4,42,5.05,212.1
1863,2024-02-19,6,9,4,136,5.21,708.56
1864,2024-03-08,1,30,2,131,6.08,796.48
1865,2024-03-25,1,38,3,75,7.44,558
1866,2024-03-18,1,27,5,26,4.7,122.2
1867,2024-03-03,1,27,5,135,7.67,1035.45
1868,2024-03-10,1,23,5,148,4.55,673.4
1869,2024-03-06,1,35,3,35,2.06,72.1
1870,2024-03-04,1,9,4,94,5.41,508.54
1871,2024-03-13,1,18,5,68,1.96,133.28
1872,2024-03-27,2,32,2,107,8.62,922.34
1873,2024-03-27,2,23,5,75,8.64,648
1874,2024-03-06,2,35,3,34,4.95,168.3
1875,2024-03-16,2,13,2,73,4.79,349.67
1876,2024-03-25,2,21,5,74,3.9,288.6
1877,2024-03-24,2,26,1,66,1.05,69.3
1878,2024-03-19,2,20,4,97,3.95,383.15
1879,2024-03-02,2,9,4,25,6.7,167.5
1880,2024-03-22,2,28,1,45,2.62,117.9
1881,2024-03-25,3,32,2,124,4.39,544.36
1882,2024-03-15,3,35,3,33,8.08,266.64
1883,2024-03-11,3,5,2,115,3.98,457.7
1884,2024-03-16,3,15,3,96,7.09,680.64
1885,2024-03-17,3,35,3,120,3.97,476.4
1886,2024-03-21,3,19,5,129,6.15,793.35
1887,2024-03-14,3,22,3,75,1.99,149.25
1888,2024-03-03,3,24,1,52,7.99,415.48
1889,2024-03-14,3,15,3,69,6.62,456.78
1890,2024-03-10,3,16,3,25,5.72,143
1891,2024-03-23,4,32,2,99,6.46,639.54
1892,2024-03-01,4,7,5,52,1.86,96.72
1893,2024-03-28,4,33,2,36,6.88,247.68
1894,2024-03-01,4,14,2,111,4.86,539.46
1895,2024-03-13,4,27,5,35,7.78,272.3
1896,2024-03-12,4,30,2,80,7.78,622.4
1897,2024-03-11,4,11,5,93,6.59,612.87
1898,2024-03-23,4,27,5,83,5.97,495.51
1899,2024-03-03,4,9,4,16,5.71,91.36
1900,2024-03-06,4,36,5,77,2.96,227.92
1901,2024-03-12,5,5,2,58,7.73,448.34
1902,2024-03-20,5,35,3,92,9.49,873.08
1903,2024-03-22,5,7,5,100,5.7,570
1904,2024-03-03,5,17,4,22,1.85,40.7
1905,2024-03-23,5,22,3,73,5.09,371.57
1906,2024-03-04,5,14,2,72,1.57,113.04
1907,2024-03-07,5,34,1,118,7.55,890.9
1908,2024-03-27,5,37,1,91,1.1,100.1
1909,2024-03-07,5,11,5,95,6.74,640.3
1910,2024-03-22,5,5,2,128,3.12,399.36
1911,2024-03-26,5,22,3,49,9.03,442.47
1912,2024-03-24,6,21,5,76,1.85,140.6
1913,2024-03-01,6,24,1,15,6.03,90.45
1914,2024-03-20,6,19,5,115,5.22,600.3
1915,2024-03-28,6,27,5,146,4.13,602.98
1916,2024-03-18,6,5,2,68,6.21,422.28
1917,2024-03-15,6,20,4,71,2.3,163.3
1918,2024-03-01,6,13,2,38,6.13,232.94
1919,2024-03-16,6,12,5,70,5.37,375.9
1920,2024-04-17,1,19,5,73,8.16,595.68
1921,2024-04-20,1,22,3,119,5.7,678.3
1922,2024-04-04,1,27,5,13,4.2,54.6
1923,2024-04-19,1,26,1,118,8.92,1052.56
1924,2024-04-20,1,27,5,86,3.95,339.7
1925,2024-04-27,1,22,3,134,8.31,1113.54
1926,2024-04-28,1,22,3,108,6.2,669.6
1927,2024-04-23,1,27,5,75,5.42,406.5
1928,2024-04-07,1,36,5,122,3.76,458.72
1929,2024-04-03,1,6,2,132,4.67,616.44
1930,2024-04-08,1,15,3,79,3.38,267.02
1931,2024-04-03,1,28,1,78,6.66,519.48
1932,2024-04-10,2,15,3,80,3.18,254.4
1933,2024-04-05,2,11,5,145,6.98,1012.1
1934,2024-04-11,2,16,3,147,9.3,1367.1
1935,2024-04-21,2,30,2,52,5.79,301.08
1936,2024-04-24,2,32,2,45,5.25,236.25
1937,2024-04-28,2,24,1,78,3.19,248.82
1938,2024-04-19,2,23,5,77,8.18,629.86
1939,2024-04-16,2,25,3,79,5.43,428.97
1940,2024-04-07,2,9,4,142,4.98,707.16
1941,2024-04-06,2,35,3,140,9.28,1299.2
1942,2024-04-14,3,6,2,12,7.75,93
1943,2024-04-22,3,9,4,143,7.75,1108.25
1944,2024-04-28,3,17,4,139,6.21,863.19
1945,2024-04-25,3,27,5,92,3.08,283.36
1946,2024-04-15,3,27,5,117,6.32,739.44
1947,2024-04-03,3,24,1,70,4.64,324.8
1948,2024-04-18,3,36,5,67,3.12,209.04
1949,2024-04-04,3,38,3,103,8,824
1950,2024-04-09,4,22,3,87,6.08,528.96
1951,2024-04-26,4,14,2,109,3.17,345.53
1952,2024-04-19,4,33,2,68,4.19,284.92
1953,2024-04-12,4,35,3,21,4.54,95.34
1954,2024-04-18,4,22,3,101,5.41,546.41
1955,2024-04-02,4,35,3,45,3.63,163.35
1956,2024-04-09,4,32,2,149,3.54,527.46
1957,2024-04-09,4,26,1,127,5.15,654.05
1958,2024-04-25,5,35,3,100,2.41,241
1959,2024-04-17,5,13,2,136,8.13,1105.68
1960,2024-04-03,5,21,5,61,9.28,566.08
1961,2024-04-25,5,29,5,55,4.34,238.7
1962,2024-04-07,5,6,2,15,2.16,32.4
1963,2024-04-18,5,40,4,91,8.95,814.45
1964,2024-04-20,5,11,5,131,1.08,141.48
1965,2024-04-26,5,3,3,88,4.22,371.36
1966,2024-04-27,6,8,5,71,1.41,100.11
1967,2024-04-11,6,12,5,116,3.68,426.88
1968,2024-04-09,6,27,5,71,5.45,386.95
1969,2024-04-15,6,15,3,113,4.25,480.25
1970,2024-04-10,6,30,2,115,4.68,538.2
1971,2024-04-22,6,16,3,147,9.49,1395.03
1972,2024-04-27,6,40,4,92,5.06,465.52
1973,2024-04-11,6,15,3,37,8.17,302.29
1974,2024-05-12,1,11,5,146,3.22,470.12
1975,2024-05-09,1,15,3,146,9.45,1379.7
1976,2024-05-07,1,33,2,107,5.89,630.23
1977,2024-05-27,1,4,3,32,8.94,286.08
1978,2024-05-13,1,16,3,87,4.09,355.83
1979,2024-05-10,1,1,1,57,4.38,249.66
1980,2024-05-24,1,15,3,17,2.96,50.32
1981,2024-05-09,1,12,5,129,7.18,926.22
1982,2024-05-13,2,35,3,46,5.27,242.42
1983,2024-05-18,2,31,5,53,9.15,484.95
1984,2024-05-02,2,12,5,66,2.47,163.02
1985,2024-05-11,2,23,5,51,2.01,102.51
1986,2024-05-13,2,17,4,43,3.76,161.68
1987,2024-05-26,2,39,4,50,2.79,139.5
1988,2024-05-15,2,12,5,40,9.32,372.8
1989,2024-05-09,2,21,5,75,3.84,288
1990,2024-05-21,2,9,4,20,2.46,49.2
1991,2024-05-26,2,33,2,106,4.89,518.34
1992,2024-05-22,3,37,1,95,4.73,449.35
1993,2024-05-08,3,30,2,112,8.15,912.8
1994,2024-05-28,3,40,4,42,4.95,207.9
1995,2024-05-26,3,40,4,119,1.91,227.29
1996,2024-05-10,3,22,3,100,3.83,383
1997,2024-05-06,3,36,5,98,9.08,889.84
1998,2024-05-14,3,18,5,39,5.89,229.71
1999,2024-05-24,3,31,5,67,5.09,341.03
2000,2024-05-26,3,3,3,60,3.27,196.2
2001,2024-05-10,3,9,4,37,3.52,130.24
2002,2024-05-14,3,25,3,25,2.18,54.5
2003,2024-05-16,3,5,2,50,3.56,178
2004,2024-05-04,4,34,1,146,5.02,732.92
2005,2024-05-23,4,28,1,130,7.34,954.2
2006,2024-05-22,4,20,4,38,7.29,277.02
2007,2024-05-13,4,39,4,76,7.32,556.32
2008,2024-05-10,4,37,1,51,1.47,74.97
2009,2024-05-12,4,14,2,22,3.78,83.16
2010,2024-05-04,4,15,3,69,0.97,66.93
2011,2024-05-13,4,24,1,37,2.5,92.5
2012,2024-05-07,4,20,4,72,4.55,327.6
2013,2024-05-13,4,26,1,54,1.96,105.84
2014,2024-05-10,4,27,5,33,1.57,51.81
2015,2024-05-16,4,38,3,59,8.01,472.59
2016,2024-05-25,4,1,1,50,8.57,428.5
2017,2024-05-08,5,22,3,115,5.9,678.5
2018,2024-05-20,5,10,4,135,7.2,972
2019,2024-05-24,5,14,2,40,0.93,37.2
2020,2024-05-12,5,15,3,60,6.09,365.4
2021,2024-05-01,5,29,5,105,8.85,929.25
2022,2024-05-09,5,21,5,77,5.12,394.24
2023,2024-05-23,5,2,1,99,9.47,937.53
2024,2024-05-09,5,40,4,13,4.66,60.58
2025,2024-05-12,5,20,4,80,3.58,286.4
2026,2024-05-25,5,14,2,33,5.94,196.02
2027,2024-05-05,6,23,5,79,1.83,144.57
2028,2024-05-23,6,8,5,20,8.97,179.4
2029,2024-05-13,6,30,2,106,7.63,808.78
2030,2024-05-06,6,31,5,128,4.47,572.16
2031,2024-05-07,6,28,1,71,1.67,118.57
2032,2024-05-12,6,31,5,111,4.14,459.54
2033,2024-05-09,6,23,5,65,3.53,229.45
2034,2024-05-21,6,15,3,145,2.65,384.25
2035,2024-05-04,6,39,4,10,4.72,47.2
2036,2024-05-14,6,31,5,120,5.62,674.4
2037,2024-05-03,6,2,1,149,2.67,397.83
2038,2024-05-05,6,15,3,31,1.66,51.46
2039,2024-05-28,6,1,1,112,3.08,344.96
2040,2024-06-11,1,31,5,118,2.11,248.98
2041,2024-06-24,1,38,3,39,6.9,269.1
2042,2024-06-20,1,39,4,34,2.29,77.86
2043,2024-06-04,1,19,5,101,8.15,823.15
2044,2024-06-02,1,29,5,19,8.03,152.57
2045,2024-06-01,1,12,5,148,1.95,288.6
2046,2024-06-19,1,26,1,74,2.91,215.34
2047,2024-06-06,1,29,5,59,4.26,251.34
2048,2024-06-11,2,23,5,120,5.29,634.8
2049,2024-06-19,2,14,2,16,4.26,68.16
2050,2024-06-20,2,36,5,51,7.76,395.76
2051,2024-06-25,2,22,3,55,1.84,101.2
2052,2024-06-12,2,25,3,42,5.74,241.08
2053,2024-06-04,2,25,3,135,6.68,901.8
2054,2024-06-13,2,5,2,52,4.63,240.76
2055,2024-06-27,2,8,5,57,8.98,511.86
2056,2024-06-28,2,38,3,76,5.3,402.8
2057,2024-06-15,3,21,5,67,3.99,267.33
2058,2024-06-28,3,7,5,12,8.59,103.08
2059,2024-06-04,3,38,3,146,9.13,1332.98
2060,2024-06-16,3,4,3,67,5.13,343.71
2061,2024-06-08,3,40,4,21,4.89,102.69
2062,2024-06-19,3,17,4,141,5.76,812.16
2063,2024-06-18,3,12,5,129,2.38,307.02
2064,2024-06-05,3,32,2,72,4.86,349.92
2065,2024-06-26,3,2,1,98,9.27,908.46
2066,2024-06-04,3,9,4,43,7.63,328.09
2067,2024-06-03,4,3,3,135,3.73,503.55
2068,2024-06-26,4,27,5,137,5.63,771.31
2069,2024-06-02,4,34,1,115,3.63,417.45
2070,2024-06-15,4,6,2,25,7.25,181.25
2071,2024-06-11,4,18,5,134,8.89,1191.26
2072,2024-06-28,4,25,3,40,9.09,363.6
2073,2024-06-21,4,3,3,66,4.36,287.76
2074,2024-06-18,4,17,4,71,5.68,403.28
2075,2024-06-15,4,20,4,15,1.62,24.3
2076,2024-06-14,4,28,1,115,3.04,349.6
2077,2024-06-13,4,13,2,119,4.76,566.44
2078,2024-06-17,5,15,3,21,4.11,86.31
2079,2024-06-04,5,9,4,149,7.25,1080.25
2080,2024-06-07,5,23,5,74,5.72,423.28
2081,2024-06-08,5,6,2,80,6.45,516
2082,2024-06-20,5,23,5,67,9.1,609.7
2083,2024-06-06,5,20,4,99,7.2,712.8
2084,2024-06-17,5,9,4,16,5.15,82.4
2085,2024-06-22,5,9,4,121,4.14,500.94
2086,2024-06-23,5,37,1,91,3.42,311.22
2087,2024-06-12,6,4,3,39,8.01,312.39
2088,2024-06-22,6,28,1,101,3.88,391.88
2089,2024-06-16,6,36,5,94,5.51,517.94
2090,2024-06-25,6,28,1,11,6.52,71.72
2091,2024-06-26,6,30,2,141,4.19,590.79
2092,2024-06-20,6,37,1,95,6.25,593.75
2093,2024-06-19,6,37,1,115,2.24,257.6
2094,2024-06-18,6,1,1,72,2.27,163.44
2095,2024-06-24,6,9,4,97,5.31,515.07
2096,2024-06-14,6,12,5,63,2.59,163.17
2097,2024-06-11,6,27,5,75,6.45,483.75
2098,2024-07-26,1,25,3,42,8.37,351.54
2099,2024-07-23,1,4,3,28,6.01,168.28
2100,2024-07-22,1,24,1,53,3.9,206.7
2101,2024-07-18,1,19,5,24,7.59,182.16
2102,2024-07-09,1,7,5,67,5.41,362.47
2103,2024-07-18,1,40,4,20,4.79,95.8
2104,2024-07-14,1,13,2,109,6.57,716.13
2105,2024-07-28,1,10,4,58,4.1,237.8
2106,2024-07-04,1,8,5,87,3.39,294.93
2107,2024-07-07,1,24,1,48,1.11,53.28
2108,2024-07-18,1,10,4,60,1.14,68.4
2109,2024-07-06,1,16,3,45,3.24,145.8
2110,2024-07-08,1,15,3,105,6.47,679.35
2111,2024-07-07,2,36,5,119,7.91,941.29
2112,2024-07-08,2,7,5,136,4.73,643.28
2113,2024-07-14,2,30,2,12,6.19,74.28
2114,2024-07-21,2,20,4,118,8.42,993.56
2115,2024-07-02,2,18,5,29,6.15,178.35
2116,2024-07-12,2,20,4,117,3.65,427.05
2117,2024-07-06,2,32,2,105,6.79,712.95
2118,2024-07-01,2,14,2,111,1.48,164.28
2119,2024-07-11,2,35,3,53,3.8,201.4
2120,2024-07-15,3,36,5,14,6.74,94.36
2121,2024-07-06,3,31,5,136,4.02,546.72
2122,2024-07-08,3,39,4,32,7.37,235.84
2123,2024-07-01,3,9,4,73,5.11,373.03
2124,2024-07-14,3,10,4,79,3.21,253.59
2125,2024-07-28,3,2,1,55,4.56,250.8
2126,2024-07-03,3,3,3,36,2.61,93.96
2127,2024-07-24,3,27,5,44,6.46,284.24
2128,2024-07-18,3,39,4,22,2.06,45.32
2129,2024-07-13,3,34,1,21,7.83,164.43
2130,2024-07-14,3,14,2,117,8.49,993.33
2131,2024-07-08,3,2,1,55,4.17,229.35
2132,2024-07-13,4,17,4,17,7.6,129.2
2133,2024-07-25,4,14,2,96,9.47,909.12
2134,2024-07-03,4,13,2,144,1.73,249.12
2135,2024-07-11,4,8,5,122,6.49,791.78
2136,2024-07-07,4,10,4,142,2.61,370.62
2137,2024-07-20,4,10,4,28,8.21,229.88
2138,2024-07-15,4,39,4,40,3.78,151.2
2139,2024-07-22,4,39,4,29,3.91,113.39
2140,2024-07-28,5,32,2,45,1.18,53.1
2141,2024-07-07,5,27,5,22,2.4,52.8
2142,2024-07-17,5,20,4,12,2.7,32.4
2143,2024-07-11,5,9,4,106,8.69,921.14
2144,2024-07-19,5,11,5,44,3.47,152.68
2145,2024-07-14,5,34,1,122,5.62,685.64
2146,2024-07-25,5,29,5,58,7.21,418.18
2147,2024-07-09,5,37,1,77,1.98,152.46
2148,2024-07-21,5,36,5,136,4.92,669.12
2149,2024-07-06,5,10,4,78,4.83,376.74
2150,2024-07-09,5,28,1,34,9.11,309.74
2151,2024-07-14,5,27,5,143,2.4,343.2
2152,2024-07-18,5,20,4,62,9.18,569.16
2153,2024-07-16,6,25,3,62,7.28,451.36
2154,2024-07-26,6,16,3,103,2.99,307.97
2155,2024-07-17,6,35,3,105,7.48,785.4
2156,2024-07-16,6,38,3,104,8.56,890.24
2157,2024-07-03,6,11,5,94,1.54,144.76
2158,2024-07-19,6,37,1,86,5.04,433.44
2159,2024-07-28,6,29,5,142,2.51,356.42
2160,2024-07-12,6,26,1,136,7.94,1079.84
2161,2024-07-14,6,3,3,32,4.38,140.16
2162,2024-08-21,1,14,2,135,1.64,221.4
2163,2024-08-08,1,40,4,16,2.08,33.28
2164,2024-08-27,1,2,1,45,1.77,79.65
2165,2024-08-26,1,22,3,21,2.13,44.73
2166,2024-08-15,1,37,1,105,6.66,699.3
2167,2024-08-07,1,28,1,92,1.96,180.32
2168,2024-08-26,1,26,1,124,8.25,1023
2169,2024-08-22,1,20,4,23,4.5,103.5
2170,2024-08-03,2,14,2,48,2.05,98.4
2171,2024-08-23,2,30,2,36,5.09,183.24
2172,2024-08-25,2,6,2,35,2.95,103.25
2173,2024-08-03,2,12,5,75,6.95,521.25
2174,2024-08-12,2,12,5,36,1.17,42.12
2175,2024-08-12,2,30,2,125,1.47,183.75
2176,2024-08-11,2,13,2,38,1.56,59.28
2177,2024-08-12,2,19,5,34,6.84,232.56
2178,2024-08-25,3,7,5,46,3.1,142.6
2179,2024-08-24,3,2,1,44,8.04,353.76
2180,2024-08-17,3,31,5,107,2.22,237.54
2181,2024-08-13,3,38,3,103,1.65,169.95
2182,2024-08-12,3,1,1,61,9.07,553.27
2183,2024-08-17,3,29,5,135,8.33,1124.55
2184,2024-08-12,3,9,4,70,2.41,168.7
2185,2024-08-28,3,34,1,134,4.7,629.8
2186,2024-08-15,4,7,5,107,1.06,113.42
2187,2024-08-11,4,36,5,123,7.85,965.55
2188,2024-08-22,4,4,3,40,2.11,84.4
2189,2024-08-01,4,2,1,144,6.94,999.36
2190,2024-08-18,4,2,1,30,6.11,183.3
2191,2024-08-28,4,1,1,121,9.49,1148.29
2192,2024-08-23,4,9,4,16,3.44,55.04
2193,2024-08-09,4,21,5,91,7.37,670.67
2194,2024-08-10,4,14,2,29,3.01,87.29
2195,2024-08-03,5,3,3,32,9.18,293.76
2196,2024-08-21,5,34,1,39,9.5,370.5
2197,2024-08-07,5,36,5,11,5.94,65.34
2198,2024-08-15,5,36,5,56,9.4,526.4
2199,2024-08-04,5,6,2,47,6.91,324.77
2200,2024-08-13,5,7,5,75,6.48,486
2201,2024-08-23,5,28,1,142,8.83,1253.86
2202,2024-08-13,5,12,5,58,6.26,363.08
2203,2024-08-23,5,24,1,81,4.59,371.79
2204,2024-08-10,5,26,1,110,5.26,578.6
2205,2024-08-28,6,33,2,52,5.75,299
2206,2024-08-11,6,6,2,103,5.56,572.68
2207,2024-08-07,6,37,1,89,5.03,447.67
2208,2024-08-25,6,29,5,80,3.79,303.2
2209,2024-08-14,6,13,2,11,5.3,58.3
2210,2024-08-24,6,16,3,95,7.54,716.3
2211,2024-08-28,6,37,1,131,3.98,521.38
2212,2024-08-23,6,33,2,103,7.29,750.87
2213,2024-08-15,6,37,1,131,4.09,535.79
2214,2024-08-24,6,36,5,16,8.68,138.88
2215,2024-08-06,6,14,2,27,1.49,40.23
2216,2024-09-21,1,4,3,28,3.96,110.88
2217,2024-09-07,1,12,5,137,2.55,349.35
2218,2024-09-17,1,35,3,44,8.25,363
2219,2024-09-08,1,37,1,78,2.04,159.12
2220,2024-09-18,1,17,4,92,1.8,165.6
2221,2024-09-14,1,28,1,104,5.56,578.24
2222,2024-09-20,1,14,2,21,8.91,187.11
2223,2024-09-22,1,17,4,68,9.18,624.24
2224,2024-09-10,1,39,4,77,2.25,173.25
2225,2024-09-02,1,3,3,98,7.16,701.68
2226,2024-09-21,1,12,5,97,3.8,368.6
2227,2024-09-23,1,36,5,104,1.35,140.4
2228,2024-09-20,2,24,1,30,6.42,192.6
2229,2024-09-28,2,31,5,71,7.01,497.71
2230,2024-09-20,2,18,5,28,8.3,232.4
2231,2024-09-09,2,5,2,50,2.17,108.5
2232,2024-09-03,2,3,3,119,2.89,343.91
2233,2024-09-04,2,21,5,64,6.59,421.76
2234,2024-09-23,2,27,5,11,3.95,43.45
2235,2024-09-10,2,11,5,138,8.08,1115.04
2236,2024-09-01,3,22,3,102,4.08,416.16
2237,2024-09-22,3,33,2,97,6.09,590.73
2238,2024-09-25,3,28,1,40,8.58,343.2
2239,2024-09-13,3,31,5,118,7,826
2240,2024-09-01,3,36,5,79,2.23,176.17
2241,2024-09-11,3,13,2,107,4.01,429.07
2242,2024-09-08,3,19,5,24,8.31,199.44
2243,2024-09-23,3,8,5,76,3.84,291.84
2244,2024-09-24,3,32,2,29,8.96,259.84
2245,2024-09-15,4,33,2,34,4.36,148.24
2246,2024-09-23,4,33,2,118,9.5,1121
2247,2024-09-26,4,8,5,89,4.49,399.61
2248,2024-09-27,4,1,1,96,3.67,352.32
2249,2024-09-18,4,39,4,50,3.94,197
2250,2024-09-18,4,5,2,21,3.71,77.91
2251,2024-09-06,4,33,2,13,2.36,30.68
2252,2024-09-22,4,7,5,49,6.22,304.78
2253,2024-09-25,4,9,4,79,4.31,340.49
2254,2024-09-19,4,3,3,129,7.95,1025.55
2255,2024-09-07,4,10,4,72,5.11,367.92
2256,2024-09-12,4,13,2,105,6.61,694.05
2257,2024-09-22,5,28,1,137,1.91,261.67
2258,2024-09-13,5,3,3,133,7.62,1013.46
2259,2024-09-25,5,26,1,140,5.33,746.2
2260,2024-09-26,5,4,3,62,1.61,99.82
2261,2024-09-22,5,25,3,88,4.1,360.8
2262,2024-09-18,5,10,4,52,4.53,235.56
2263,2024-09-05,5,28,1,58,7.6,440.8
2264,2024-09-02,5,13,2,140,6.06,848.4
2265,2024-09-25,5,34,1,63,6.4,403.2
2266,2024-09-20,5,32,2,20,5.63,112.6
2267,2024-09-28,6,10,4,44,9.29,408.76
2268,2024-09-05,6,3,3,142,6.62,940.04
2269,2024-09-02,6,11,5,86,4.16,357.76
2270,2024-09-06,6,18,5,63,2.5,157.5
2271,2024-09-03,6,36,5,53,4.17,221.01
2272,2024-09-28,6,31,5,117,2.44,285.48
2273,2024-09-26,6,9,4,88,4.46,392.48
2274,2024-09-16,6,24,1,120,7.33,879.6
2275,2024-09-10,6,1,1,78,7.87,613.86
2276,2024-09-05,6,13,2,56,2.65,148.4
2277,2024-10-14,1,11,5,109,5.25,572.25
2278,2024-10-15,1,40,4,95,1.06,100.7
2279,2024-10-11,1,15,3,121,3.88,469.48
2280,2024-10-22,1,7,5,32,1.32,42.24
2281,2024-10-02,1,27,5,97,8.55,829.35
2282,2024-10-06,1,14,2,93,8.86,823.98
2283,2024-10-28,1,3,3,111,1.6,177.6
2284,2024-10-25,1,37,1,140,5.91,827.4
2285,2024-10-14,1,35,3,150,7.56,1134
2286,2024-10-20,1,33,2,55,9.15,503.25
2287,2024-10-18,1,17,4,28,1.58,44.24
2288,2024-10-13,2,8,5,14,7.98,111.72
2289,2024-10-28,2,26,1,143,6.13,876.59
2290,2024-10-25,2,26,1,63,4.39,276.57
2291,2024-10-04,2,5,2,44,8.23,362.12
2292,2024-10-14,2,14,2,123,6.48,797.04
2293,2024-10-19,2,19,5,150,5.92,888
2294,2024-10-07,2,31,5,130,6.94,902.2
2295,2024-10-13,2,13,2,139,6.96,967.44
2296,2024-10-12,2,39,4,13,8.22,106.86
2297,2024-10-25,3,20,4,89,3.12,277.68
2298,2024-10-02,3,24,1,72,6.72,483.84
2299,2024-10-11,3,9,4,24,5.87,140.88
2300,2024-10-23,3,25,3,75,5.11,383.25
2301,2024-10-21,3,12,5,121,2.84,343.64
2302,2024-10-14,3,10,4,78,8.74,681.72
2303,2024-10-18,3,24,1,52,2.99,155.48
2304,2024-10-18,3,21,5,12,3.79,45.48
2305,2024-10-10,3,25,3,124,9.41,1166.84
2306,2024-10-15,3,35,3,71,5.1,362.1
2307,2024-10-02,4,17,4,126,8.78,1106.28
2308,2024-10-26,4,15,3,139,4.92,683.88
2309,2024-10-14,4,8,5,44,5.76,253.44
2310,2024-10-24,4,15,3,101,3.97,400.97
2311,2024-10-16,4,32,2,116,4.09,474.44
2312,2024-10-08,4,7,5,121,9.15,1107.15
2313,2024-10-06,4,4,3,96,3.31,317.76
2314,2024-10-23,4,23,5,11,2.5,27.5
2315,2024-10-10,4,2,1,147,4.14,608.58
2316,2024-10-28,4,1,1,61,6.93,422.73
2317,2024-10-17,4,6,2,139,2.16,300.24
2318,2024-10-24,4,1,1,119,1.68,199.92
2319,2024-10-15,5,22,3,122,5.63,686.86
2320,2024-10-21,5,24,1,42,5.76,241.92
2321,2024-10-26,5,26,1,144,8.85,1274.4
2322,2024-10-11,5,40,4,118,7.45,879.1
2323,2024-10-05,5,5,2,144,7.08,1019.52
2324,2024-10-14,5,39,4,125,1.06,132.5
2325,2024-10-17,5,19,5,147,8.28,1217.16
2326,2024-10-11,5,38,3,27,4.13,111.51
2327,2024-10-23,6,36,5,125,8.56,1070
2328,2024-10-07,6,14,2,99,8.27,818.73
2329,2024-10-12,6,27,5,129,6.61,852.69
2330,2024-10-22,6,6,2,140,5.89,824.6
2331,2024-10-17,6,31,5,122,6.13,747.86
2332,2024-10-15,6,1,1,127,5.86,744.22
2333,2024-10-12,6,1,1,29,8.31,240.99
2334,2024-10-11,6,5,2,131,3.73,488.63
2335,2024-10-28,6,36,5,45,4.71,211.95
2336,2024-10-16,6,4,3,32,9.4,300.8
2337,2024-10-05,6,18,5,68,8.59,584.12
2338,2024-10-02,6,36,5,11,9.31,102.41
2339,2024-11-12,1,33,2,111,1.82,202.02
2340,2024-11-01,1,2,1,107,1.01,108.07
2341,2024-11-20,1,15,3,39,4.93,192.27
2342,2024-11-27,1,4,3,29,4.87,141.23
2343,2024-11-24,1,26,1,131,8.81,1154.11
2344,2024-11-13,1,18,5,113,8.27,934.51
2345,2024-11-03,1,35,3,87,6.84,595.08
2346,2024-11-15,1,24,1,124,9.31,1154.44
2347,2024-11-16,1,33,2,72,1,72
2348,2024-11-25,1,29,5,87,6.08,528.96
2349,2024-11-16,2,29,5,73,8.79,641.67
2350,2024-11-10,2,36,5,78,8.41,655.98
2351,2024-11-04,2,33,2,90,5.32,478.8
2352,2024-11-07,2,35,3,12,3.43,41.16
2353,2024-11-07,2,3,3,99,8.34,825.66
2354,2024-11-27,2,34,1,120,6.8,816
2355,2024-11-13,2,27,5,61,6.89,420.29
2356,2024-11-04,2,33,2,131,6.63,868.53
2357,2024-11-21,2,16,3,147,1.81,266.07
2358,2024-11-09,2,32,2,16,7.21,115.36
2359,2024-11-22,2,33,2,78,7.12,555.36
2360,2024-11-25,3,22,3,82,3.4,278.8
2361,2024-11-02,3,33,2,40,1.47,58.8
2362,2024-11-22,3,12,5,114,7.92,902.88
2363,2024-11-28,3,10,4,51,4.28,218.28
2364,2024-11-05,3,37,1,138,6.82,941.16
2365,2024-11-12,3,6,2,70,2.12,148.4
2366,2024-11-09,3,16,3,123,9.28,1141.44
2367,2024-11-13,3,30,2,107,8.46,905.22
2368,2024-11-03,3,40,4,44,5.62,247.28
2369,2024-11-17,3,5,2,140,3.62,506.8
2370,2024-11-26,3,35,3,37,3.87,143.19
2371,2024-11-01,4,2,1,80,7.35,588
2372,2024-11-17,4,32,2,147,7.46,1096.62
2373,2024-11-28,4,19,5,112,7.08,792.96
2374,2024-11-27,4,27,5,75,2.67,200.25
2375,2024-11-01,4,19,5,120,1.3,156
2376,2024-11-20,4,13,2,102,1.49,151.98
2377,2024-11-09,4,32,2,124,3.59,445.16
2378,2024-11-05,4,11,5,79,8.26,652.54
2379,2024-11-11,4,3,3,122,6.98,851.56
2380,2024-11-07,4,29,5,17,4.78,81.26
2381,2024-11-09,4,1,1,146,9.34,1363.64
2382,2024-11-06,4,29,5,98,4.92,482.16
2383,2024-11-20,4,14,2,37,3.13,115.81
2384,2024-11-25,5,2,1,75,5.84,438
2385,2024-11-15,5,21,5,35,1.86,65.1
2386,2024-11-26,5,20,4,104,4.53,471.12
2387,2024-11-16,5,16,3,132,9.12,1203.84
2388,2024-11-22,5,8,5,86,3.61,310.46
2389,2024-11-25,5,1,1,40,1.2,48
2390,2024-11-14,5,17,4,108,8.29,895.32
2391,2024-11-15,5,22,3,23,4.85,111.55
2392,2024-11-06,5,25,3,17,3.83,65.11
2393,2024-11-13,5,33,2,121,3.04,367.84
2394,2024-11-20,6,25,3,60,7.95,477
2395,2024-11-25,6,13,2,17,8.61,146.37
2396,2024-11-28,6,30,2,88,3.94,346.72
2397,2024-11-24,6,28,1,49,0.92,45.08
2398,2024-11-07,6,14,2,108,6.08,656.64
2399,2024-11-13,6,39,4,128,2.93,375.04
2400,2024-11-24,6,16,3,92,1.73,159.16
2401,2024-11-01,6,25,3,119,7.77,924.63
2402,2024-11-21,6,9,4,39,3.41,132.99
2403,2024-11-21,6,16,3,98,9.35,916.3
2404,2024-11-26,6,23,5,31,3.74,115.94
2405,2024-12-18,1,1,1,84,7.76,651.84
2406,2024-12-09,1,23,5,120,5.65,678
2407,2024-12-09,1,8,5,132,4.57,603.24
2408,2024-12-05,1,26,1,108,2.5,270
2409,2024-12-19,1,5,2,35,7.45,260.75
2410,2024-12-15,1,32,2,71,3.34,237.14
2411,2024-12-26,1,30,2,80,1.06,84.8
2412,2024-12-10,1,34,1,73,4.58,334.34
2413,2024-12-04,1,4,3,91,7.27,661.57
2414,2024-12-06,1,39,4,73,9.17,669.41
2415,2024-12-27,1,32,2,38,5.82,221.16
2416,2024-12-24,2,19,5,134,0.88,117.92
2417,2024-12-12,2,33,2,24,3.69,88.56
2418,2024-12-06,2,31,5,87,5.45,474.15
2419,2024-12-26,2,33,2,132,8.96,1182.72
2420,2024-12-06,2,23,5,69,9.12,629.28
2421,2024-12-13,2,40,4,84,7.84,658.56
2422,2024-12-14,2,38,3,73,6.4,467.2
2423,2024-12-03,2,30,2,83,1.72,142.76
2424,2024-12-02,2,37,1,69,6.14,423.66
2425,2024-12-21,2,4,3,42,8.34,350.28
2426,2024-12-14,2,5,2,147,4.45,654.15
2427,2024-12-05,3,29,5,11,2.54,27.94
2428,2024-12-24,3,15,3,68,2.39,162.52
2429,2024-12-11,3,22,3,132,4.09,539.88
2430,2024-12-22,3,25,3,124,6.59,817.16
2431,2024-12-10,3,18,5,53,1.24,65.72
2432,2024-12-21,3,34,1,144,9.33,1343.52
2433,2024-12-04,3,28,1,96,1.13,108.48
2434,2024-12-08,3,34,1,118,8.58,1012.44
2435,2024-12-08,4,40,4,128,5.71,730.88
2436,2024-12-24,4,34,1,133,7.81,1038.73
2437,2024-12-17,4,12,5,138,7.55,1041.9
2438,2024-12-06,4,38,3,47,5.69,267.43
2439,2024-12-05,4,35,3,26,1.72,44.72
2440,2024-12-04,4,30,2,139,7.9,1098.1
2441,2024-12-09,4,23,5,130,5.04,655.2
2442,2024-12-18,4,9,4,125,7.02,877.5
2443,2024-12-07,4,8,5,16,9.3,148.8
2444,2024-12-24,4,18,5,94,4.99,469.06
2445,2024-12-04,4,5,2,50,3.17,158.5
2446,2024-12-24,5,26,1,140,3.35,469
2447,2024-12-27,5,6,2,18,5.19,93.42
2448,2024-12-18,5,31,5,24,5.97,143.28
2449,2024-12-21,5,7,5,91,5.71,519.61
2450,2024-12-13,5,18,5,22,4.39,96.58
2451,2024-12-13,5,4,3,100,8.7,870
2452,2024-12-14,5,34,1,46,5.93,272.78
2453,2024-12-13,5,6,2,141,4.88,688.08
2454,2024-12-16,5,26,1,113,2.57,290.41
2455,2024-12-10,5,32,2,32,8.32,266.24
2456,2024-12-22,5,18,5,119,4.44,528.36
2457,2024-12-18,6,8,5,94,3.63,341.22
2458,2024-12-03,6,33,2,68,3.33,226.44
2459,2024-12-12,6,7,5,89,5.96,530.44
2460,2024-12-24,6,30,2,88,7.12,626.56
2461,2024-12-07,6,30,2,27,1.54,41.58
2462,2024-12-24,6,31,5,24,3.38,81.12
2463,2024-12-08,6,31,5,137,4.03,552.11
2464,2024-12-24,6,35,3,39,8.43,328.77
2465,2024-12-02,6,1,1,54,8.55,461.7
2466,2024-12-04,6,10,4,47,5.22,245.34
